7882732
9693544
9693896
9693637
9694624
9473227
9545167
9694616
9267840
9771652
9704904
9655179
9228641
7581684
9655182
9694615
7442693
8542348
9771110
9694622
7892656
8382034
8320573
9693897
7384916
9693890
9771111
9771651
9713417
9693895
8691555
9654063
7341006
7936654
8818655
7384384
9693893
9693688
9663775
9693892
9694620
7782085
9693420
9655178
9693422
9693542
7389221
7830581
7402764
9693548
9693690
9693543
8087957
9654065
8160991
9226811
9693639
9654059
9011457
9343211
8369430
9693635
9694618
7577328
9693421
9654424
7981749
9654216
7864874
8602159
7384229
9654206
9693687
9654057
9155014
7942064
9626851
9654056
9694617
8264395
9663774
7686000
8888301
9693894
9654051
7577477
9693634
7577401
7340936
8774538
9693689
9069402
9654062
9654050
9693636
9693540
9694621
9694625
9654135
9654058
7740622
9693545
9433652
9694619
8953715
9655181
9693547
9771661
9654427
8470197
9654061
9654055
9693891
9655176
8211920
8431312
9694626
9693549
9693546
9654064
7577456
9693638
9694627
8653807
