10865052
12117648
23464564
16068959
11488628
15355825
16187998
22905227
16704017
18144401
11163935
14716568
21334933
14761577
16995162
20368925
13057107
21033617
17808153
16703713
16189408
20508616
11976219
21174123
15024473
19312702
16069210
20890600
17992274
12820144
22732076
18261781
15758760
10604425
18426908
19945312
16189065
11401564
23119249
18674597
18675874
18675873
13526548
17297979
23632623
20508623
17836745
16995886
10591287
12601181
12117796
21433767
13225230
17143067
18427383
10788582
16081661
17295648
17723127
14689349
12117436
12497715
15024470
22732155
16827459
15519339
17721715
17442140
11488923
16456681
15760666
16347503
11688084
16456679
10862629
17836741
12820151
10591425
18425273
22023271
22732152
11079032
14759775
16705709
19209573
13056873
15024475
12759909
10862627
11334232
10866610
15144071
16186069
15774920
21033504
10591714
13056890
10957714
15895242
10591394
20896289
16187995
13334969
16187986
15643206
23464438
15857507
12117571
18226254
11688007
11401565
16357754
14716575
23632622
21174124
12117858
17297975
18427392
12759537
14759776
18676183
16347255
16704015
16828916
12759900
12117795
13931009
17442141
16703762
20076929
23632534
18674601
12209757
14716569
15760549
15024362
16186074
12759746
23632533
15144069
23119254
11334326
21577185
16357757
10958470
12057007
11576236
11576232
19802430
17808147
18427395
11976220
14139873
10591449
18261174
15024367
19176356
14227734
17836528
11489158
12600974
16081659
10866609
16582207
16994598
17143337
23464433
20753511
19337851
17996533
18224215
17143199
17143198
18426904
15989518
17723063
11576220
15895240
18122064
11488625
12759527
11489034
20077044
16357755
13526551
12917555
13056351
15184040
22732077
18138572
17836525
13695345
13225232
23466761
22022887
16347256
16582257
16357962
16068962
11488623
11163877
15988473
20752168
11976315
15760034
16994858
15758770
15355821
18426914
20896292
12356816
16994588
23466768
18122068
21174127
15774915
12496416
18261772
18675872
15355826
10723448
11976619
17836092
16357957
11976317
16456678
14715885
18675876
15024361
23466763
15024483
18907769
11222129
13334972
17295421
15515976
16347252
12057011
14715872
12406772
15026652
22023272
14321307
14716573
17297683
16189831
11334181
10958463
10958947
16830269
17995564
16582441
18674510
16994845
22669908
21174122
19337855
13145639
20639391
10591494
10591495
12117676
23054118
18533285
12209826
11974366
15025927
18261774
18427386
23466770
18427390
15985173
11577531
15515708
10723288
19340346
17141267
14759778
13335043
22282360
11334313
23119250
16189823
16705710
11577528
18907756
20639393
11488618
17143058
20368822
11974358
18674595
11488920
19312700
10591520
16189809
17143340
15030244
20751211
16704007
18674598
20368823
10862635
12601184
19117618
11576237
15857501
21334936
20752164
16705705
17141258
15519338
12759913
16828922
22023280
15184038
15144073
21033614
18425276
11976505
15988471
18829318
16080554
11333923
19339127
11334228
15642905
13057114
18829320
21433777
20752671
17297686
12497705
17994018
15515965
15030251
10591426
15989517
13056132
11688006
16582208
11222080
16582445
19340338
17295495
20368837
18139071
20753513
14716244
23054119
20752673
11489058
16705704
19312699
12057774
12601741
16706468
20223015
19339128
10722290
11334160
13931008
15515706
23119246
21333958
23632525
12209496
14715873
12917557
15988236
17994019
11577535
18427384
16357956
23120868
18261775
18139068
15774918
23466771
14944359
15184033
10958468
16994717
20508622
15519047
11401566
17994016
12706938
17721699
14716041
12497708
21033611
11334319
16069206
14716248
10958960
12759899
16994848
14716417
18675871
16357967
16077061
18225501
10788579
10862634
15760030
21436238
11036338
14944300
11780960
20368831
12759747
19117617
15760449
18261471
16337277
14578678
19339129
13056620
11163936
11576234
16705703
12057775
15355824
16068964
19312255
15988470
11488627
15310233
15030261
13526549
15310234
23765712
18495557
12601084
16704016
16077059
12706934
16582404
19312269
13417495
19481327
19210288
14715881
11163037
16189064
20752674
17721612
12759893
16582403
17996532
16582119
16706466
19176355
19176357
21334939
18427398
16456684
15760032
15642906
19207676
17836086
15144068
22669910
13225131
19176353
15774911
11976497
10591519
21033500
12356830
10591716
11577542
18122058
12496804
11488909
16189055
10591450
21702116
21334935
12406773
23120675
12759922
16828411
19626816
19481324
14716508
23632726
11163876
12209495
10604424
16994719
18261474
14759779
18225500
17995566
13057104
12117716
11333969
136398266
15643204
12496421
22023270
12601743
15759821
18425074
15026659
16357753
15642870
18907765
12117431
13056882
11976625
19117621
11334148
11334130
23464559
16994840
14761578
15519419
23632728
21033723
16080542
22669905
14716574
15024485
16703759
11974369
12209743
10723622
23120869
20223016
15989525
14039188
21334036
11486605
14716408
16830081
13057097
20509253
20896191
16582401
12117432
13225135
11334128
14716570
16703697
22669909
20368826
11857598
10958852
22282300
19118797
15144064
18829429
20509256
16830773
20368913
16828924
21334942
14761586
14689351
16706223
12759538
12820165
10723444
16705714
17723065
20639387
23632536
10958855
10591424
12057010
14715871
13056879
12406743
19176351
12820159
12759911
11334324
15988234
22732169
16994228
22514889
11036372
15024363
20896291
12759536
19208440
12760073
18533290
20076932
20751210
23632466
18495554
16186058
11976498
11334322
16337280
11577526
19802436
12406687
21033726
18674602
11334316
12496639
14716257
17723130
15310235
19117612
15515974
15759820
12209492
16830082
11976215
12209817
15985177
20639385
12601079
12496415
15988235
11576231
12497713
15515707
11163841
16357963
13145641
12760069
12209748
15760446
12706941
23053329
21033501
20223008
17141256
16357756
14321303
18426251
23632880
19117611
18260572
11488918
16347258
23334538
22514882
20751139
15184036
16582400
16456677
20368917
22023275
19337856
18829323
18427381
12209344
11577524
18138579
15774900
20076928
10958958
21433768
11489153
18829307
13056888
11163797
19208351
22282296
15025925
12820169
20751200
18138577
19117623
14716577
16187992
15184035
16582255
18260565
12356817
15144060
10591533
10958854
12356821
20639389
19176362
10604426
11401272
18829426
11401274
10958959
16995890
16187993
18226246
16357750
18224208
17143197
15025932
18676180
17837127
12117792
11688087
21033610
10723402
23464439
17836530
11780967
10591717
20639392
12209827
16456676
14716040
15759817
18495559
19312687
18533284
18674341
22282299
10865051
11976217
17996531
15024479
16069209
16994334
14716571
16347499
11334129
16830275
19626807
16994580
11489050
15760109
11333971
11162775
17996412
14944364
19312252
17836742
11780965
16582111
15024469
21334951
17141264
12117793
22147140
20508615
20223010
10723400
18260573
11976655
11489155
11222132
16189816
19481326
11334231
10958950
11334234
11163821
20509258
11334314
15024476
17143341
10862599
12117719
11976621
23466767
16582262
18261773
13057096
13417498
14716414
12759912
15144058
16830270
12496640
11036342
19312398
20368919
10958851
12706935
18261171
15857505
20753867
16582116
11036341
16189409
16830778
16582405
15774913
13225420
21333980
16704233
12760074
18675878
11489035
16830280
10723737
14715877
16830079
17836527
23119253
15644189
22514885
16994591
17996630
23632934
11857596
19117622
20368924
13057108
18266411
15025928
11488922
23632366
19208873
15644132
11577534
21433766
11489059
15642867
17996407
15760665
17143192
15515966
15030265
21174119
15518281
18675875
13225422
16456683
12759734
19337849
21033725
20753510
16347497
21702115
11488626
20639386
18676190
18138580
18674363
18425270
18266415
15760553
16069120
14715880
13931007
22514888
21433770
15518284
12406774
20753865
12406681
14227739
23334539
15518301
12117797
18261778
16706221
16187990
17836089
12759531
18122063
23765713
17143196
17836094
13056616
12600976
11688086
20752672
13695342
10958879
11576216
14759647
10722238
16357972
20508612
18260564
14759550
12497710
10866608
10723397
17836529
14716262
15643205
16069121
15024359
11334221
11334236
23120672
18426250
18674600
11488924
15026657
17996625
10604430
17836531
21333954
20076939
22022871
17295646
15758761
23119248
15144054
12117790
12209742
16077063
12601185
11333970
16357964
17836085
19208352
17836102
16994581
18226248
21333960
21569895
17297689
20508625
23053330
20508619
15024464
16994232
19207678
16994716
16189056
12209762
19945313
16077062
16187988
18226243
15644190
20223017
12820164
14944357
16830080
14715875
14716265
15988893
17141257
23464443
16994582
14944356
19337852
16706464
12820158
17994023
23120870
14716256
18261776
19118802
15643207
17721716
18675867
13225229
19209571
12601028
19208353
11401275
18138571
12117856
10958466
19312693
18829423
13225425
15760110
22514877
20076941
23632535
15895243
21033503
20508760
12601742
17295426
20077042
20223007
20890602
12601029
11163818
15026653
17442142
17143194
19312253
13335036
17297977
19626801
11334131
23120681
15024486
12057009
13056878
13225134
16347254
20508759
21569892
15857518
18225505
18907759
11334235
16995163
16069161
16069160
16830083
18829322
14759646
16582256
16188002
21033613
12496637
12917558
18122060
18427396
12496806
18907751
11489043
10958956
18676188
18495556
14442253
16828919
18427389
12759897
19340326
11489038
12117854
23466766
19481320
15184034
19176360
12496424
15760689
13057109
22023274
19340086
15760129
21333944
11222131
14716266
22282297
19312394
12117718
15026649
14442254
12759896
21883725
11976496
12497714
13526550
18226253
17141261
18139078
13334970
12600975
11334325
15857497
12759924
10722235
18224207
17143061
12406775
22147142
23334542
12759530
12821138
17837130
15857512
23054117
17143339
23334537
16994361
10958949
18674599
18261479
19176359
15642908
15515703
15989519
10958969
17836747
14716253
11976503
14716263
16187991
12117717
11976499
16357958
22905226
10865053
16081660
15895246
10958856
21033502
18674513
14759650
16357748
17836079
16187987
16347500
17836746
15988232
12117857
17442143
13225418
12601182
16830787
17295423
15642869
16080546
13225133
12209819
18425079
19312263
18425072
16994359
20751206
18674347
10866607
15644042
23632621
22905221
10723291
11163819
20896190
22514880
20077051
12496803
11334323
18122061
17808343
17721700
11401273
13056133
15988472
18261469
16337290
17992277
16995051
16703707
23466765
16582442
23632626
11334320
14944298
15774901
14944301
14759549
18139070
11976311
16703758
15515700
11163875
20752167
17996408
20751199
15030255
15758771
20890599
16357752
12117791
10722289
15519046
11334227
21436243
16995172
23464431
18425063
14716413
11334233
21577202
14716411
11780962
15026661
13695346
16705712
12209741
12496420
23053328
17297691
12117429
17994021
19207677
15024466
16186061
12209744
19176350
11333925
10723290
11334229
16706220
13056617
11976213
18674337
19340330
12820168
17297973
12057772
11334151
11163795
18533286
12356829
10591395
12497706
17996414
16582108
15025929
17143059
11489139
12496812
17442145
16705708
20368839
12759535
11488619
16187989
17723064
19337853
15515710
12356825
15515980
18266409
20639390
13695344
18224204
15644136
20896297
19626802
18907747
20368821
16337291
15989520
16994229
17442144
10865055
12117674
12209740
15024463
18426256
11486604
19312259
19208446
16080544
18122065
11489160
21033499
20896193
13056340
11334219
13056328
13225136
16994333
22023277
16081663
10604439
11976216
20509249
16077058
13056627
14715876
18427399
17994020
10591718
11577527
18674512
13433465
12496427
22732153
23054116
18260567
17721704
16705715
10862600
14759774
16995889
17141265
12496811
16080541
17295651
17995565
17143191
19312698
17295501
15988896
19118803
19209533
19209574
12601081
11334125
16582263
11780963
15644040
17836542
16069208
17141259
21333955
13057100
17297688
19626806
10591518
15144074
19945310
20751138
10788580
18674345
12601739
18425274
21033612
12917556
18425078
11974367
17143336
15026650
19118801
11334030
18261480
18829325
19208872
22514883
14715886
18907748
17143202
23632727
18226245
10604437
23464556
17836748
15774907
12601746
16077069
21577190
18138573
15759815
23334535
14716046
22732165
16357973
11334134
11333974
16077064
19312686
15760029
16995166
11488925
15760444
11036374
16069205
20508620
10591429
14715883
22147141
15985175
17723128
20751201
18533288
12759745
11401270
10604423
19802439
18260571
14716400
23632725
18138566
11334029
11334321
14716572
12117789
15774903
14715884
10958955
17836744
20751141
15518285
18829428
11976617
11401563
12759905
20509250
22514881
22282362
20223014
16830777
15144066
18674346
23632624
16080540
12209746
15758768
17836084
16080545
13056624
15774923
17143060
12496423
18426248
18138576
23632881
13056341
12209753
13225424
18425066
11334173
11333926
16703711
18426249
21334037
16186071
13417496
11576233
23632370
12706940
13334971
11688009
19312393
20508761
15642910
16704018
11976321
10865049
21174116
15518302
18224205
16706222
15641907
15641906
18122059
21174126
16357747
15030256
12820147
18261172
12209752
15774906
17996631
11488917
19337848
23464435
17836524
18225504
18427397
18266407
19481322
17143066
16456680
17723126
18144399
16703757
21174118
16830772
12759908
17295427
11976623
21569894
11222130
12209815
11488915
21433778
18425266
13056331
17143343
14227737
23466762
10722288
15515967
18224212
18260570
16995165
17141266
11576217
11576226
11488921
19210287
16069164
13622649
21577194
18266413
23464436
20223006
16995885
11334317
14944360
20223009
11222013
21333961
17721609
19209683
16582209
19481323
11489154
16186060
16704013
11163874
17837128
11489152
16994843
11976222
17143062
17992275
16703763
20639388
19207675
23632936
20076940
12496807
18122069
14227735
16704002
15030254
16995052
18138578
23466757
14689352
18425275
23466758
15024481
11976618
136398265
11780961
23632464
17143069
23054335
17295502
23632879
18829292
15024365
14560539
11333919
17808151
19802428
23466756
23054331
17996406
12117434
18224206
13821565
18675879
22282363
22147145
15024489
12496638
10591427
15760031
22732079
18674509
11401562
21174115
11488620
14227731
23119247
17836521
16830769
13057110
12760077
15025931
16995056
16828408
15857515
11974357
12406683
22669906
19208355
10862642
17808152
13225132
10723741
17836743
17996410
14759777
18907749
14761582
16828915
16703761
16830267
16582402
16189815
11334170
15030242
16582444
12209755
11333915
16357749
20368834
16357968
19210286
16582210
17808146
21333943
10604422
18426905
12209747
19945311
12117679
13056886
22022872
16828918
20753518
18427391
16357966
19312690
19626803
16069162
12117794
17836536
20368916
19312692
18829290
15024360
15895239
16081657
17992276
16081658
15030248
12706937
18261771
10591719
12600973
20368827
10723740
16080548
23054338
12406682
19340339
14039187
18226247
18425268
15030243
12356818
17996411
14715882
22732075
12496645
12117570
17295509
16081662
13056327
12209345
11857597
12759534
16705707
16830268
12406692
11334224
15895245
21577191
18224213
17295650
17836538
12820156
10958951
12496641
13056628
10958465
20509255
11079036
16357969
19210289
16582443
15760128
10788581
14716410
12496422
21334949
12601030
14944363
19209686
19337854
15857511
10722243
21333956
16189829
11334318
16830782
19312396
11334315
18224211
15355820
16189058
15030252
19337850
16994718
14715879
12706933
15760550
14716037
17143335
18829299
15144056
11688008
11162776
11489147
18426903
23466759
18224214
11222077
12356831
10958467
12209343
21883726
23632619
15515704
11976656
16995168
17996530
11780966
15857510
12759902
19481321
12496643
15774909
15518292
19802431
14761576
19340340
17143070
17836522
22905225
15519421
11780964
12406699
18260574
23120678
18674343
12706936
15355822
20509259
15024484
12117677
23466764
14716259
15988230
20753515
15355823
20753514
11974360
19117620
14716043
12820145
19626804
18425085
20368915
10722236
15184037
15025926
23632368
16189407
10591715
13056626
18426258
16705706
19209674
10723387
16994720
15758769
17297687
20508762
17996629
10862641
12057771
17992273
10604428
22514886
20077043
19340081
11576219
19210285
18674344
15144077
15758767
12356822
17808339
16188000
13433467
10723676
12601744
10591496
12209739
12820160
12820161
15518288
12057769
17808150
23054120
15024482
19117619
16456682
17996627
12117855
19626815
21334944
19340329
12496647
22022870
12356824
18139072
17295424
11688005
11489143
16994849
20076933
19176365
12759732
20752675
18425272
10865048
21334937
21174125
11489033
15988228
20896288
19340334
16189821
19312696
16830781
18675868
17143068
16704240
15644271
19209677
21436234
18829324
17295425
23765720
19208442
23120872
17721698
18533287
19208444
15989527
15025930
10958469
10958853
10591499
18425060
18426247
17836520
12057008
16706458
13056349
16187994
17836091
10591428
16995053
22282298
10723342
16582267
22669907
16994592
16077060
11688085
14716261
12601183
23632882
16189812
13056348
17295422
17996628
23054336
18138567
14944366
18144398
11489036
18674596
13335038
19340087
17295652
19626809
22282361
16347257
23054115
12759904
17143338
15184041
16706219
15515968
11334220
18674511
16189062
16347259
15895244
18829424
15644222
16994332
18225499
19208354
19481328
18260563
11334230
19117613
17808336
10723619
13056615
17295515
17836526
18674338
21033615
16189828
18224216
19312689
12821139
11163842
11974363
18425070
18425277
12759528
12820146
18261173
10862626
14944365
16337293
19802429
15988902
14716260
13821570
18122066
17143193
13225423
19339131
20509248
11974368
19340336
12601745
15515971
19118808
19209534
18260568
12496418
16706470
16337279
18225502
15760033
11688002
20751207
18138582
12759532
16830770
12601740
13225233
15355827
12496414
12759539
13225228
11401561
23632937
16186068
23464430
10957715
12759533
16995888
13056631
21333959
16068963
14761580
23119252
23120674
16706368
15985176
14689350
12117720
12759903
12601083
20751198
14716052
21436246
15515709
15644223
17723066
15024364
11333922
12759733
16828917
15518983
13335042
22732154
23120677
23632372
15895241
19176354
16189824
22147143
10723292
16703760
12759738
14716243
15760067
19339130
11489159
10591540
16188001
19312691
21033724
20509257
15774908
18225503
19208439
13622650
16830276
11976316
19312395
17994017
10723482
15988240
11079040
17837129
18427394
12356819
15988895
11036373
20509252
12117649
12117798
16068960
23464560
21333949
16069207
20076931
17721701
23464432
20508764
14560537
16994335
17808342
15760548
17141262
16994587
15644272
14578673
11488624
11489060
12496808
18829425
16995054
17143201
15519420
11577538
14944299
16830774
21883728
11222011
14944361
15988238
17295500
11079033
18261481
16704234
15518287
21334940
13225231
15030253
16703756
16994231
18427400
14715878
15758762
15026654
13057105
15518981
17295521
22669902
10958473
17297684
18266414
18144400
16189817
16704003
18266412
12759743
11488916
19209575
18426907
11222075
18425271
14715874
11489052
22669911
11488622
13056134
16994842
18139069
16994230
20077045
23632367
11488919
10958881
18225498
16704235
15184042
21577189
16995884
16706459
15184039
10723343
23632935
16347498
14716506
14759648
12406684
14139874
10862638
18425083
16068965
11163796
18260566
23632465
12759895
10723434
23464437
13417497
18674339
11163036
21334035
19176364
14944302
10591393
18427393
15760447
18266406
16828920
19118804
11486602
19312260
18261468
23120867
16703703
19117616
16994233
12406744
20896290
10958948
12760072
17808148
12406691
15760066
10604438
19340343
23120680
12057770
15760691
17295503
12209814
11163820
21334934
13225137
16704008
11489041
16337276
18261175
15642868
16347502
21433769
11576230
16582258
16995158
12117675
10865050
19340084
20890601
17996413
15774922
16582264
11976214
18266417
17996626
21033722
23632620
11577532
14716247
12497704
10591288
23466760
18266408
12496644
19626808
16828921
22905228
12496809
23119251
13056345
16994362
18260569
15774914
12601738
11334135
11333972
22732156
18224209
15760551
10723436
15024477
12057773
23334536
16347253
20896287
10862640
10862637
